STRATO	M1	M2	M3	M4	S1	S2	S3	S4	N	DOM1	COST	CENS	SOLUZ
1	76.5836575875486	78.9688715953308	97.887159533074	41.3618677042802	65.9880944779294	70.5904204964896	85.0474962767182	35.4271393626189	257	1	1	0	6.39694436412432
2	238.015151515151	245.606060606061	304.621212121212	113.651515151515	132.014891604412	132.192429981452	160.282310638548	65.0922456035313	66	1	1	0	3.28655361641675
3	167.822222222222	175.8	202.444444444445	85.4444444444444	116.322928323316	131.024396773716	154.181784635235	74.1064121160916	45	1	1	0	2
4	273.285714285714	292	383.571428571429	169.714285714286	377.206778944431	382.492436900018	543.771153558739	223.122583663244	14	1	1	0	2
5	365.310344827586	385.379310344828	489.413793103448	189	188.728281984204	186.69745184589	258.668979770806	122.023371224532	29	1	1	0	2.0644712873999
6	1887.45454545454	2190.63636363636	2617.36363636364	1118.36363636364	805.459430634796	1003.99515527168	1060.38159183091	506.97441719261	11	1	1	0	3.34202903488217
7	8048.16666666667	13732	13424.1666666667	6712.83333333334	10925.0288070643	20760.7638159636	19549.0327389305	9714.92765980196	6	1	1	0	6
8	1691.88	2015.72	2307.12	1025.6	845.364795872173	1111.25675997944	1254.70120670222	669.380807164353	25	1	1	0	7.97183001594992
9	3617.57142857143	4696.28571428572	4915.78571428572	2234.28571428571	2303.40160743541	2891.70838101418	3065.8215074576	1412.57607384491	14	1	1	0	12.1638642285308
10	8430.33333333333	15070.6666666667	12241.3333333333	7240.66666666667	11217.8063611187	20600.1870757417	16392.1687060892	9729.55964516837	3	1	1	0	3
11	227.583333333333	240.770833333333	298.75	138.9375	156.517475239471	180.672383980276	205.03243494908	85.3903556106184	48	1	1	0	2.83385701571453
12	491.366666666667	541.2	676.366666666667	295.266666666667	188.67012095831	185.494250825628	270.346807663357	129.598208535405	30	1	1	0	2.13500179902389
13	641	776.478260869565	888.913043478261	358.217391304348	269.854219350165	368.076562200775	323.12385504545	116.397335906962	23	1	1	0	2.34115900977183
14	1170.38888888889	1310.22222222222	1453.33333333333	627.666666666667	410.299299819167	458.158200546924	440.29798937134	235.370482195387	18	1	1	0	2.78578210091275
1	82.8503937007876	85.7874015748032	103.141732283465	45.8188976377953	47.7813071889008	50.3465765659313	63.4586326226446	30.3596047779668	381	2	1	0	5.23399330507207
2	293.515151515152	299.666666666667	361.242424242424	182.121212121212	364.805866420034	408.119852461338	468.821592729699	238.225696584161	33	2	1	0	3.55725188690832
3	516.181818181818	593.909090909091	722.454545454545	450.272727272727	889.019612259793	1137.97252892327	1432.28546719921	943.546503306892	11	2	1	0	4.69643228833862
4	397.5	379.333333333333	438	222.333333333333	666.77841771711	625.948324988218	686.444500366441	360.545959468261	6	2	1	0	2
5	1845.44444444444	2204.66666666667	2564.33333333333	1034.22222222222	933.145869996411	1176.64309655335	1374.43287657936	567.219011744097	9	2	1	0	2.30996480610541
6	1957	2802	2845	1318	0	0	0	0	1	2	1	0	1
7	859.416666666667	994.75	1180.91666666667	522.666666666667	403.675306829166	540.45096267428	560.55949439757	273.00647424452	12	2	1	0	2
8	2259.33333333333	2815.33333333333	3444.16666666666	1564.16666666667	440.658555985202	652.307017013035	663.25174679727	454.446906404632	6	2	1	0	2
9	4858.5	9289.83333333333	8855.16666666667	5622.33333333333	6520.13603513505	15650.4319673257	13673.5772010188	8932.53119299837	6	2	1	0	6
10	1489	1806.33333333333	2691.66666666667	1400	565.056339373931	652.552594730025	1619.24618950369	853.428770704777	3	2	1	0	2
11	2976	3945.25	4688.75	2525.5	149.989166275435	500.667491954491	496.701809439023	190.580691571838	4	2	1	0	2
12	3932.06666666667	5903.93333333333	6100.33333333333	3570	3263.69713845442	5154.72350460128	5144.87042851637	3039.14977145473	15	2	1	0	15
13	202.327731092437	211.428571428572	248.084033613445	111.403361344538	60.031120933992	68.1381089258287	80.9530579430026	41.9352493412635	119	2	1	0	2.25807448580906
14	440.083333333333	479.283333333333	558.333333333333	280.05	364.528986629392	447.931681006434	520.240103921	267.99023229685	60	2	1	0	7.27582572511416
15	309.47311827957	330.956989247312	400.236559139785	168.989247311828	101.406485502409	124.620305967159	134.249550730093	63.6650503179329	93	2	1	0	2.67914432027681
16	533.363636363636	550	702.363636363636	357.727272727273	289.677713446487	344.449029816335	547.871934494713	251.16956909231	22	2	1	0	2.50035557581847
17	750.206896551724	839.586206896552	954.620689655173	451.379310344827	297.852508999317	380.84121460396	414.834795929975	214.045678783281	29	2	1	0	2.80877231016559
18	585.78125	672.203125	806.6875	372.0625	115.341011050406	139.14894981944	163.646937809546	109.372300321275	64	2	1	0	3.16737431762822
19	842.666666666667	984.777777777778	1169	557.888888888889	224.729872414763	242.437461708182	266.462369659291	163.768019835949	9	2	1	0	2
20	1003.37931034483	1183.62068965517	1416.68965517241	682.551724137931	181.128167940173	253.628878653957	250.359136024004	163.133626052799	29	2	1	0	2.14068890590541
21	1679	2140	2031	1064	0	0	0	0	1	2	1	0	1
1	371.963636363636	438.036363636364	511.509090909091	218.763636363636	554.34388690614	691.317976742114	800.798370751526	356.54644162089	55	3	1	0	12.9023091184626
2	1634	2437	2655	887	0	0	0	0	1	3	1	0	1
3	1716.9	2202.9	2625.1	1241.5	603.845299932027	698.005186227151	705.358647249752	428.845280958063	10	3	1	0	2.77390055400357
4	2239.54545454545	2999.45454545455	3434.90909090909	1559.72727272727	491.671631155774	700.535266457047	813.766997723563	467.546825682405	11	3	1	0	3.20824766065952
5	3279.66666666667	4612.33333333333	6031.83333333333	3433	461.030202071645	477.832219120508	749.671301428289	640.008723898875	6	3	1	0	2.33439610688813
6	7126.6	12209.4	13176.8	7985.4	10601.5594980173	19178.2036434594	20405.6215332932	13214.9009148764	5	3	1	0	5
7	153.4375	157.666666666667	194.270833333334	67.6041666666667	36.2375598249169	39.7571016702401	38.6419898577398	20.2090223729313	48	3	1	0	2
8	309.866666666667	326.152380952381	397.152380952381	137.219047619048	72.3454299577451	80.7217091885039	103.60658763934	44.5452291434963	105	3	1	0	3.10339245056547
9	616.714285714286	706.485714285714	878.371428571428	355.114285714286	112.245431137984	139.44166550016	172.36341860601	100.606839056477	35	3	1	0	2.20961326481765
10	818.027027027027	932.135135135135	1096.37837837838	400.756756756757	229.277975436566	305.014016826359	359.045344874408	143.767274142413	37	3	1	0	3.51681963570025
11	1386.625	1606.5	1880.625	816.75	171.386875044444	194.789409523465	247.946235981714	135.377394946497	8	3	1	0	2
1	593.625	618.3125	837.750000000002	262.9375	265.258216220866	268.311444219994	370.998725347116	107.614015920549	16	4	1	0	2
2	1120.21875	1376.65625	1730.1875	650.53125	366.790632691861	478.508775232685	555.451340858693	304.661310996551	32	4	1	0	3.53226026853846
3	1395.81818181818	1827.81818181818	2120.45454545455	704.272727272727	443.460419552664	843.952916728339	851.21029614436	395.370072758379	11	4	1	0	2
4	896.653846153846	1079.84615384615	1323.19230769231	450.923076923077	378.3676668683	525.97483321687	585.594604406546	230.19884933832	26	4	1	0	2.88136079779081
5	2871.53846153846	4088.92307692308	4586.42307692308	1979.96153846154	779.739155250083	1441.81767901153	1350.96505608326	635.980259610884	26	4	1	0	6.13209372236373
6	27535.6666666667	56460.3333333333	48479.3333333333	28300.3333333333	21682.6336397486	53628.4070515701	42857.4416512336	27291.7459724039	3	4	1	0	3
7	264.421052631579	269.456140350877	344.982456140351	116.719298245614	110.518185502678	119.586596000246	148.583902405428	57.6308587309049	57	4	1	0	2
1	73.6279069767442	66.2906976744186	83.2674418604652	43.6627906976745	131.620125040891	127.217051590993	146.421230358813	63.0021331738157	86	5	1	0	5.33360117617007
2	343.225	339.375	385.375	180.775	348.051060068684	386.10240074944	429.090017435318	203.155633950244	40	5	1	0	6.8173127283908
3	862.5	1053.66666666667	1138.5	466.833333333333	885.575636709442	1240.94509234785	1295.32989684739	472.791106679848	6	5	1	0	2.83007333912402
4	40	30	52	38	0	0	0	0	1	5	1	0	1
5	220.916666666667	250.722222222222	282.166666666667	128.472222222222	207.886147722213	276.044891645085	263.944603636042	112.801511721151	36	5	1	0	3.90079928372024
6	107.375	96.5416666666668	121.583333333333	65.875	86.5937591169729	77.1263594541895	90.799781160977	49.3465725258516	24	5	1	0	2
7	396.169811320755	407.264150943396	468.924528301887	204.735849056604	263.664276382033	275.543833026434	295.619342301305	123.789889341203	53	5	1	0	6.72332288527361
8	1420.33333333333	1837	1844.83333333333	934.333333333333	666.684437263154	906.976938332319	924.930072431905	551.940377718061	6	5	1	0	2.10507978749573
9	525.222222222222	482.444444444444	551.222222222222	238.444444444444	387.825061587131	378.740188317682	419.722906683757	154.916917597868	9	5	1	0	2
10	2024.5	2003.5	2479.5	854	23.5	15.5	160.5	35	2	5	1	0	2
11	2308	2631.55555555556	2948.55555555556	1424.22222222222	365.518467385712	383.151728318665	420.69747715425	329.513890937829	9	5	1	0	2
12	3249.81818181818	4309.31818181818	4449.09090909091	2288.22727272727	3082.08420742184	5157.64834376111	4754.5817158022	2760.9383044215	22	5	1	0	22
13	1887.5	2064	2181	1070	846.5	887	987	458	2	5	1	0	2
14	140.344827586207	139.51724137931	173.275862068965	74.103448275862	37.9599435809151	45.8978774934077	59.5817501310281	22.1132665083079	29	5	1	0	2
15	318.835616438356	319.972602739726	377.534246575342	176.301369863014	181.868259703884	215.974667050141	224.504668236992	111.59478172403	73	5	1	0	6.64537749178947
16	737.28125	759.96875	886.90625	399.4375	285.794335554858	377.779106458933	448.745009861801	182.559126409546	32	5	1	0	4.75871713373751
17	944.357142857142	971.678571428571	1077.75	491.571428571429	243.355559448628	257.154492268734	226.717473406917	169.863866791066	28	5	1	0	3.28873042483261
18	1304.53846153846	1390	1622.23076923077	757.384615384615	364.54884982033	319.511228619082	438.42612373846	216.731729724322	13	5	1	0	2.18254620774113
1	324.971014492754	326.536231884058	322.304347826087	135.855072463768	283.460482331765	292.847338952073	290.646962681333	126.98822271402	69	6	1	0	11.7797815351891
2	708.6	778.2	1026.6	507.6	572.691051091249	615.842317480701	842.3235957754	412.650748212093	5	6	1	0	2
3	318.75	319.15	327.65	142.9	128.765387430008	128.529848794939	145.071456530911	85.9142568567639	20	6	1	0	2
4	1661.16666666667	2068.5	2193.33333333333	954.666666666667	575.18414925618	653.183167266273	562.217200515562	378.700207581435	6	6	1	0	2.17810090775246
5	2736.15384615385	3504.69230769231	3660.15384615385	1453.53846153846	951.60990885922	1342.68990976583	1310.85895774511	523.701781754672	13	6	1	0	7.60969928616276
6	1534.66666666667	1816.16666666667	2002.16666666667	884.5	704.694654127272	788.904602738647	880.265379808208	398.724946966368	6	6	1	0	2.60989312598647
7	4568	7071.33333333333	7340.33333333333	4217.5	3193.38513571414	6057.55912178238	5878.63092172735	4192.481335677	6	6	1	0	6
8	747.971428571429	767.428571428571	784.485714285714	338.885714285714	340.803589261491	362.304394747724	363.132391335706	172.767869089044	35	6	1	0	7.26878107880868
9	952.75	1081.75	1109.3125	438.625	193.612758206442	324.2944305586	455.966714161058	186.517945394221	16	6	1	0	2.13293613461248
10	1494.3	1639.7	1720.6	615.3	337.35087075625	369.921807052968	436.158554248847	173.894568952314	10	6	1	0	2.05948351323886
1	33.516129032258	43.0806451612903	59.9193548387097	35.7258064516129	22.927449120997	30.2870388322895	37.2374663525739	21.7393171872271	62	7	1	0	2.0883543315591
2	892	1323	1591.33333333333	843.166666666667	440.333585667351	657.561150515043	794.929277077877	436.847577028368	6	7	1	0	4.06109854792898
3	39.6333333333333	52.4333333333334	75.7	44.5666666666666	42.7835305308271	61.2198173816107	73.2326639269911	40.7462040669056	30	7	1	0	2
4	178.030303030303	239	301.090909090909	149.727272727273	89.6565362250357	119.191426261607	143.246608105929	68.2232156521929	33	7	1	0	3.48850920891022
5	1530.6	2330	2720.4	1572	739.433424995111	1013.15800840738	1035.63303829107	615.386017065711	5	7	1	0	4.767589642178
6	2348	3428	3943.5	2221	822	1281	1488.5	931	2	7	1	0	2
7	4337	7846	8554	5823	0	0	0	0	1	7	1	0	1
8	113.23076923077	148.442307692308	190.923076923077	94.0961538461539	23.2163051887622	34.7729445239129	41.7928153558992	30.7427296920269	52	7	1	0	2.47678568607949
9	305.458333333333	406.833333333333	490.791666666667	218.375	46.7049883302414	66.6307563874166	71.8159761673569	57.5651229222836	24	7	1	0	2.1405098131447
10	384.818181818182	518.272727272727	613.454545454545	303	131.208942318813	158.657308961024	181.505066047214	76.3425791674567	11	7	1	0	2
11	644.947368421053	910.684210526316	1069.68421052632	506.105263157895	210.618570407923	306.689081344918	346.586167250858	202.917490437654	19	7	1	0	5.97362751394341
